1 1 2 1 0 0

Part 1 255 0 0 0  3.0 1.0 1.0 0.0 -3.14159 3.14159 0.0
1 0.0 1.0
1 4
0 0 -0.609919 1.151084 -0.654277 -0.725249 1
0 0 -0.654277 -0.725249 0.818400 -0.725249 1
0 0 0.818400 -0.725249 0.818400 0.321594 1
0 0 0.818400 0.321594 -0.609919 1.151084 1
1 0.0

Part 1 255 0 0 0  3.0 1.0 1.0 0.0 -3.14159 3.14159 0.0
1 0.0 1.0
1 4
0 0 -2.938156 0.725115 -3.155468 0.086482 1
0 0 -3.155468 0.086482 -1.527841 0.046567 1
0 0 -1.527841 0.046567 -1.838288 0.725115 1
0 0 -1.838288 0.725115 -2.938156 0.725115 1
1 0.0

0 1 0.001

2
7.0 1 0 -1.0
5.0 1 1 3.0
0 3

0 0 -5 5 -5 5